$ANSIBLE_VAULT;1.1;AES256
63666361366663383939333662623538626338633131396665376332306365646637363962663062
3161303732653935656361626364343766333030346231310a623532646630396262656164626638
38393833303931356335643039616331663635663034323564326432613031353732633033343837
3832626535316139650a666339646532353138656364623966666566653861313139303262313538
64333437346164633034393637623034313238336665396363653661663734633930623534323264
37646231626430386566306132366261643664313533303462353864653130343863386237393534
36626132363363663138356630393939356462303431313232383464633432636537333636633835
61663138373732303036333031633030363163633933306338633164346463643638353464613131
38633732383038613633396135646262653832336431393839306133653838626534373465353363
38346334333431353664613430306566383431393263333438303266323865666664353134356461
31633937386563336463616435306139643139623736303563636231656336353934313334376239
31363061303935663265633734366139653433376564666431623830373131363430663166636165
30376363336461633366636466316634383065346530376430643432626430386566333837326231
33623264343730653031373236656134343034396530656233633831613766386136333135386365
376432336531653539616237386165643438
