$ANSIBLE_VAULT;1.1;AES256
31353132643335393638626363626231373165666631663566353635663132623333373839396234
6439646163626336353035376464613735363130313232300a393534633030343335623533323962
63343632373831376634323436653563326232313565653430316135343366313938623931613266
3265666534313861320a376434663139393138383963666561353331613230396139343336653430
64313732633531653163613236623432303961373838363537646532663063616161303534626539
38613465653163616564316336663431323864613438666364303161356636656661623637373033
30623630336664363032353636343464373062346366323739656562366364383334646462303931
35623031356361323239393931613865663761613934666666376461326632663666366436303063
32376565316365376531336663373334346131303932316539323465316438393862373031303837
36373664303963626165343736326261396663656639356232356565336638613863626232643433
65343336303533356336653431613136363761313830313562656136343666393134636566303463
34393439343166613862643661316134663562396664653438316233313863313939383365356638
65383637323630343233346539346663626439666366623133306537376532353034303930656365
64346661383631613231616263343932343733363638393836363862396230633739393931393361
65666434303733346534323831316466343539643866623335613866636635316665323763663931
62663461626132626665633939623263323864333730353861353761613864376135306233633933
31316335323534373964313563333032373133633366356463376662356231643833
